
1346185312771436544
1346185412453265408
1346185411354357762
1346185406203785216
1346185392618434561
1346185389493641216
1346185373161050113
1346185310904967170
1346185283381956613
1346185170567753729
1346185164146225154
1346185158513336320
1346185119678296065
1346185110069125120
1346185032340283392
1346184980079247363
1346184960496070657
1346184918368464902
1346184885304774656
1346184863582461953
1346184861212618752
1346184839372931073
1346184821073203211
1346184814207131648
1346184808540602369
1346184787380367360
1346184785933299714
1346184765838393344
1346184744615243778
1346184726348967936
1346185531378511878
1346185518447534081
1346185490450542594
1346185622604705799
1346185587469004804
1346185575502643200
1346185564551340038
1346185562777071616
1346185547681837056
1346185700480344065
1346185832147914752
1346185831917244436
1346185805534998531
1346185800640319489
1346185773410906116
1346185773347909632
1346185757246054400
1346185752598765571
1346185878243315716
1346185986770939907
1346185980856987648
1346185959600222210
1346185939681468419
1346185931670376450
1346189599077490690
1346189683873738752
1346189680929349635
1346189730703151104
1346189719512768512
1346189698843160577
1346189766560280582
1346189741172129792
1346189784709005313
1346189784436322304
1346189868758691842
1346189866225328128
1346189842292633600
1346189819421011968
1346189813611978757
1346189800924205056
1346189900949938177
1346189887087771648